Sex	Filter	EM_SD	EM_LD	Extraversion	Testosteron	fMRI_amy_neg_neu	fMRI_hipp_neg_neu
1	0	28	20	22	22.7848349238152	3.38613761111242	5.07752148069532
1	0	45	42	19	16.5749086023348	3.88226088435265	4.64067100921881
0	0	36	33	23	1.22858414460333	5.18071442531815	4.7475935986971
1	1	22	13	23	24.4060685606643	2.00601402335031	2.1875952843165
1	0	28	27	17	19.6417518298687	1.23543790941606	2.47452476734935
0	1	33	26	17	1.32365552556555	3.14579859201302	3.07829547911822
1	0	15	12	26	27.6664491168251	2.45235891765721	1.42465015844929
0	0	42	42	27	1.02687595349124	6.44137657711771	6.12926362813915
0	0	41	31	19	0.652368525066018	5.37784993598126	5.34838520707007
1	0	19	5	15	23.3322271073713	0.989078249856064	2.9689502230246
1	0	28	13	24	17.6048612902454	2.67690990818557	4.20317414115238
0	0	22	24	18	1.44423919155844	2.72650898105037	2.43391782340228
0	0	25	23	19	0.998939777508283	3.09852709122248	4.56501314341082
1	0	12	5	25	20.2485944179448	3.75228187260578	1.70178581170941
0	0	29	34	17	1.29507374604761	2.78333430624675	3.29968138387094
1	0	12	10	25	23.2850104068221	1.03342874045972	1.36527028716762
1	0	14	14	10	37.1613881785607	-2.82722988162503	-2.00834189516111
0	0	15	19	19	1.44100917145671	3.99559120675034	2.59696343387785
0	0	23	19	19	1.59939464532099	3.06285321467797	2.02397134194013
0	0	19	14	19	1.26592528486634	1.99223108184078	-0.85409598646387
0	0	16	11	16	0.863710939551123	2.4862824198504	2.08342858422257
0	0	56	51	23	1.22541294617076	8.34136842160649	8.26378715474672
1	0	32	25	24	22.7417310900162	4.78451340366907	4.41559571155937
0	0	31	28	16	1.34364000532521	4.33242983241636	4.34921695656814
1	0	18	16	19	35.4016113326531	1.66686862406238	3.01768372490929
0	0	17	9	22	1.42395322646127	2.45474490429662	0.512113456976065
1	0	27	20	24	23.8555285526983	6.02491614246968	4.02214932919956
1	0	14	11	21	26.7990926347603	3.73153217892547	3.77425345471611
0	0	28	18	18	1.33096275147683	2.97629817744019	2.95131004033381
1	0	22	15	24	28.7239422521324	4.69822005202855	2.99434484873867
0	0	17	9	17	0.953890535410145	3.47546978050921	0.052427072629502
1	0	18	10	16	25.8559817496188	3.14490665354461	2.54742408238862
1	0	14	15	23	26.6327346957648	2.59456888823207	1.77561558837867
1	1	25	18	22	11.7254216164944	4.48240227289164	3.90475621379019
1	0	25	20	20	22.389401605939	2.98865695957918	2.36190391800985
0	0	36	37	19	0.677098126908503	5.31227628755144	4.71914343132316
1	0	28	24	21	23.9766418802755	4.39747680138983	4.99400384902221
1	1	36	28	22	37.8365757358738	5.61745561089337	4.93831799414954
1	0	22	11	21	23.807879404142	0.720757256639748	2.80995535952329
0	0	26	24	19	1.23095175650302	4.5442370082305	2.42672131555509
0	1	33	31	18	1.35114095415681	5.57981452347043	5.39711032225952
0	0	34	36	17	0.931505206055801	4.00596932617701	7.11782949269788
0	0	41	41	19	1.27730577776914	3.40397272924992	3.94300340130249
0	1	35	37	21	1.49633982833783	5.36468429490524	3.10290593749994
1	0	33	35	20	15.3533311534825	4.25247737393149	4.76754263549224
1	0	9	0	26	24.942320772155	2.78614733196377	3.31493674256205
1	1	29	22	19	24.4579544105529	4.24489311878322	5.03399707709139
0	1	15	6	13	1.47837416773868	1.33436751354083	0.458984331446935
1	1	28	23	19	23.6693628749494	2.36741109943603	3.59176005422386
1	0	43	37	23	33.599022588986	5.54966478339402	8.2529408876847
0	1	33	31	26	0.564557976911514	6.66674456501858	5.71264992386305
0	0	36	28	19	0.612607714477278	6.86937722564792	5.98727819021793
1	0	1	2	33	31.7708950617644	5.59657066970962	2.00709024189902
0	0	29	27	18	1.62569170098009	3.43918182519802	3.12726859305022
0	0	43	37	17	1.46267213010996	3.78312243193741	4.69812078196173
1	0	27	22	25	21.1149413295741	5.06292482296473	5.26965860848151
0	0	28	28	18	1.37980179075705	3.24750503629779	2.39748398834073
1	0	39	33	18	27.9398305047994	1.55178089866036	5.71452804089746
1	0	25	15	17	18.0554704234659	3.83104336432881	4.36458243582228
0	0	20	21	18	1.19618696914722	3.53397204631825	2.35828759374803
1	0	27	19	23	18.8751141154193	3.60314175885063	3.94833809327772
0	0	32	24	23	1.17020817222899	6.81148119970359	6.69023406875718
1	0	23	15	23	19.1605656428859	4.25262065162047	2.95752070708282
0	0	6	1	18	1.25728021041031	0.211799917497005	-1.03008704730925
0	0	36	32	23	1.61126767545492	5.47004167510144	5.50085968651088
1	0	9	9	18	25.5034957606695	2.02280555505977	2.35122933685676
0	1	50	32	24	1.31880168162412	7.7814439538181	8.97895698643633
0	0	25	29	20	1.36822743114394	3.87871039678896	3.34699925014871
0	0	34	31	23	1.15842185444573	6.37255233021482	5.65035599225807
0	0	27	19	17	1.37245017793425	2.41302459909579	2.38867623197965
1	1	29	30	25	28.4752750080275	5.65521962613918	5.58800723127469
0	0	49	39	20	1.17955058508889	6.80036714937053	7.64529618886457
0	0	38	28	24	1.67161055153906	5.37647342007694	5.92832727296048
1	0	28	20	23	24.1574384242328	3.14308238052611	3.65300191181938
1	0	12	9	18	31.6223782065202	3.90038723132615	1.68511254904688
1	0	27	21	10	23.1574944186971	1.73085511444797	3.85077457276482
1	0	26	26	18	16.442151658012	4.46276609592614	2.86121277062438
1	1	25	16	22	26.6555313312703	1.34961764403863	2.36104929961275
1	0	10	25	25	28.0583796224465	3.90561149244616	1.44954446219074
1	0	20	14	21	25.5595080151464	2.77462121606545	1.43900881188903
0	0	23	11	21	1.17699502764284	2.65051594375143	2.74114993262786
1	0	25	19	22	20.6847432660956	5.47665123880914	4.65501124721612
0	0	31	25	22	1.11559602945166	5.06440503843565	6.73430734759092
1	0	34	31	26	25.8697969207941	5.50672014365336	3.75078134017814
0	0	29	20	15	0.741705802282521	1.8651275675872	3.73933059721764
1	0	33	28	25	18.7291251474107	3.64895341970307	5.91513288208985
0	0	26	19	16	0.891524187171594	2.42278678725937	3.00859861813031
0	0	43	36	19	0.988326857504415	4.50361057996339	5.13060297847618
1	1	16	12	24	18.8305061319328	3.74319438064905	3.63762278024276
1	0	30	20	20	24.0148500609204	4.20853212940316	3.85180861477405
0	0	22	12	18	0.751250521818363	3.29129572218026	4.18266335155422
0	0	39	34	14	0.985264427244207	3.7553721021525	4.71334936061238
0	0	42	41	19	1.23806188394339	6.12854911340584	6.29207688520036
1	0	32	30	21	24.7375752712988	5.20582491965479	6.29365593785048
1	0	30	19	25	23.0365817894949	4.19605254807584	3.95839205463004
0	0	45	32	17	1.55334883538465	3.24807813066439	3.20970638319883
0	0	34	28	18	1.19852224698105	3.66164464942772	5.38047257683637
1	1	27	19	20	20.729430582731	3.53077224854504	3.7963612553485
1	0	43	29	24	27.6184527960589	6.31135844277702	7.45034802454914
1	0	45	39	26	31.9574148955459	7.47860863775075	7.78012712026821
1	0	22	12	22	28.0569138292899	4.98843318697737	4.62810241718768
1	0	53	48	22	32.9521195116046	4.05716529097191	5.37295876618516
1	1	35	28	18	26.3171796784232	3.26622682726787	1.98856443394437
1	0	10	25	23	25.1715336106045	1.25583610868133	0.941452053163132
1	0	34	26	22	23.0050259578417	5.36228145627681	5.49457656957979
0	0	16	8	27	1.3740131361727	4.95205888938537	4.21635391987046
1	0	36	34	20	14.7103840827778	3.01301361798533	4.5884999856356
1	1	43	37	16	18.7700640210111	2.8973130280992	4.5361211891422
0	0	45	40	23	1.2617993057522	6.53612775872294	6.96918266941443
1	0	23	15	23	21.5067874490269	4.0400875393035	4.15465668541776
1	0	30	16	26	26.9466341699747	5.04544725811298	3.75001320514236
0	0	25	26	23	0.915286911147434	4.91607771464808	4.21650147944027
1	0	18	11	17	33.7279902713731	2.20514604944369	2.561285011244
1	0	28	17	18	22.5310296424085	4.61580465107161	6.79743667010246
1	0	16	15	16	27.6908926847286	0.47841740139352	1.76405877326592
1	0	23	10	22	26.5717041125374	3.96181580004091	4.43137190336014
0	0	27	19	18	1.07958720396417	2.64070301142442	3.36210892037733
1	0	11	2	24	28.9031719382391	3.08824252964996	2.30779136519775
0	0	35	34	23	1.3178964905189	5.28100267927241	7.17393514603053
1	0	24	21	16	19.8701482807112	2.0527675296502	2.70857455607744
0	0	29	22	18	1.19820234954048	2.11946727922603	4.30446001874147
1	1	39	28	16	31.0597460574256	3.66652408719588	3.61833138396722
0	1	17	13	22	1.44656037402534	3.57186867805732	1.43663715811548
0	0	36	36	20	1.61251017417042	4.81345352301657	5.93224809054828
0	0	28	26	27	1.62453605967409	4.48175151444239	3.48191798078775
0	0	41	35	28	1.65876234002725	8.72627972387589	7.39049354792614
0	0	27	19	24	1.05165888565325	3.37762809932033	4.6111318408677
0	0	18	8	19	0.936983538097735	3.48409069368994	2.29984203277583
1	0	13	6	19	25.5330867219796	3.55026733657783	2.32035977173658
1	1	38	32	23	16.6440559716479	5.76087301749009	6.4007498971761
1	0	27	19	25	27.0137517600515	1.65449624448467	1.6453222595149
0	0	39	34	22	1.41388335970805	6.0210723343561	6.2593543566422
0	0	29	28	15	1.48458932375476	2.46936444293649	4.66225461979804
1	1	32	25	14	30.9379384418288	1.28008042346737	1.39140119577457
1	0	22	11	24	33.92747961223	2.75434373802708	2.79900542242275
1	0	32	21	20	21.2276447190713	2.83284007534136	3.9778530140852
1	0	40	42	18	29.1419154174977	4.20959041242453	6.21064792697693
1	0	23	25	20	24.0203285426947	4.82849685369707	4.60337979378018
0	0	27	23	20	1.23462046762729	1.84015460280513	1.18709663184431
1	0	22	11	23	29.1995417612397	3.33868935614416	4.2039161150381
0	0	43	39	13	1.44954949411628	6.34629696862421	7.96079853150823
0	0	45	39	25	0.942055495506848	7.91883538851438	6.99148378409591
0	0	4	25	23	1.19220319717103	1.48080354965839	-1.31484873973177
1	0	30	27	29	11.395689004042	5.0028952653918	5.06224789492569
1	1	14	12	21	22.8899069539879	2.74883419327427	3.32881062385003
0	0	34	32	21	1.42790411423292	5.94226675077163	6.92074803071644
0	0	33	24	24	1.13021530395876	5.66898001642269	6.13329666203916
0	1	41	42	18	1.07430679449247	6.3371157409467	6.43908520542265
1	0	32	28	22	23.1353351669112	3.37754662899287	4.5578428056863
1	0	26	27	17	24.7221120807154	4.53164958222219	3.3283179527429
1	0	20	12	19	17.7902665836376	2.43633989500798	3.15181673113401
0	0	36	29	17	1.22895980322239	3.68296343276962	4.01693932760438
1	1	39	31	26	29.2425293494905	6.42211366993457	5.64358241917649
0	0	23	23	12	1.34879009873817	1.62451370869848	0.583599124408386
0	0	32	19	18	1.6053142244192	4.1331445911433	4.76095886786258
0	0	19	10	25	1.2499875268097	3.57798993933594	3.71543234812227
0	0	36	38	27	1.18358566125064	6.74721642263166	5.96892861637278
1	0	40	31	20	24.6729730187168	2.18171745531576	3.87474347558714
0	0	18	13	16	1.22603255373844	1.95514776106143	2.00753979272374
1	0	25	23	17	24.2360627340345	1.40324741617044	2.20920410259145
1	0	43	36	28	19.7565541068591	9.08552559239653	8.39355947082921
1	0	28	19	24	17.5967529967434	4.88040691104695	5.28257354238956
1	0	20	19	20	13.3320386952166	2.85850637905195	1.72321608544235
0	0	21	21	25	1.00439983006866	3.81905115268492	2.54036048159217
0	1	51	47	19	1.82841427231074	6.4694780325609	7.51224325951687
1	0	30	28	18	28.4081754857959	3.24031598131927	4.4137371724896
0	0	36	34	20	1.66301231666481	5.46045825824083	4.09782719073776
1	0	31	25	16	15.5848263997751	3.48201930280583	3.70067484206183
0	0	21	19	16	1.13486126714932	2.15498554934362	1.49222441740842
1	0	45	39	18	27.8810841484358	6.30678028819833	7.45919029808118
1	0	25	11	20	22.7942636869624	2.71022331057507	4.7993810938508
1	0	20	14	27	18.9466463834976	4.44961171837827	5.00995536018918
1	1	18	9	19	24.9305821399478	2.02861229220807	2.61576613033504
0	0	44	34	18	0.929426092857747	5.49061219710211	6.79824196948311
0	0	19	19	19	1.226046860593	3.52178118386716	3.43021882122056
0	0	30	32	23	1.20096902423573	3.80873857093219	4.07012131379316
0	0	28	25	30	1.08421825439067	6.26425349547819	5.47823153409852
1	0	3	25	22	27.507910613451	2.24097348637276	0.478492243942317
0	0	25	20	19	1.33546774716549	2.95122582274738	3.08289984697959
1	0	34	22	24	26.7382930848765	5.73470097283329	4.62032061685568
1	0	19	8	23	25.2943849637517	3.97117469492641	2.59179676407422
0	0	22	16	19	1.02795569219587	3.20002395393159	4.55936028504682
0	0	30	30	20	1.07406346235329	5.35558343602903	4.5742301385342
1	0	14	1	21	32.6320403844291	2.662689798928	2.85459188392004
1	0	28	20	18	28.8482347088114	2.10418643034849	2.03417166944828
0	0	22	15	12	1.39448598076291	2.46190110847839	4.00866665217154
0	0	23	23	17	1.38484420256734	2.54138928992616	1.98252385914328
1	0	14	8	17	24.9108433856722	1.8331589012471	2.36546823894911
0	0	19	8	23	1.60761022756275	4.33562077503027	4.19496439185716
0	0	46	43	32	0.862852878745473	8.73535561022567	7.70473633465692
0	1	40	41	24	1.80019057858343	5.57057713868145	3.41187814387431
1	0	30	24	24	22.9658502408706	4.32119910538028	2.62929506689346
0	1	17	6	25	1.00042620856088	4.1791182255948	2.35616738304006
0	0	35	31	20	1.00030230352189	2.85167383046055	4.09648735707817
1	0	27	21	19	26.351028968242	2.13271309822838	4.42829451133736
0	0	27	27	17	1.26936924157904	3.07659252378086	2.94086128378658
1	1	35	23	18	21.7736233640497	2.67312897304818	6.20439093020221
0	0	35	29	27	0.888442305648566	6.66853354982257	6.67575092803221
1	0	14	1	17	19.1385418704166	2.90144526733892	2.29930611296873
0	1	50	50	22	1.18484709672833	6.32736425910669	8.22259771156036
1	1	20	24	24	33.9536008341653	3.41136234780939	4.00937215157602
1	0	31	18	23	26.773631260523	5.93768608843298	4.65215255928741
1	0	31	28	20	27.0855677165103	2.44308672274251	2.91348095986179
1	0	18	13	22	19.1078537741163	3.10897062886778	1.92385035744748
1	0	45	33	20	22.5228301118656	4.98594545575004	4.92782441891137
1	0	17	18	17	20.7085012735579	2.13098849178195	3.9517071004453
1	0	18	10	21	22.2462756539928	2.89683394164385	3.12124939936342
0	0	26	19	23	1.06400817519135	5.33976492568215	4.65983465546348
1	0	17	6	21	30.8920120383314	2.13256628659443	2.1967654010447
1	0	23	21	18	21.7709970856976	2.55409690682763	5.34596700250365
0	1	32	23	14	0.971886582000974	2.95329538276042	3.98258869968191
0	0	32	20	23	1.30879839525449	5.53240400245956	3.50173451025529
0	0	14	6	16	1.25758122274615	1.89144213274823	-0.273934012626993
1	0	6	1	19	22.8766388671394	0.370323334419262	1.48738553953785
0	0	34	34	15	1.03502701641495	2.47748190627588	3.83389986122861
0	0	46	44	24	1.51812877592344	7.50124274241501	7.50730294366555
0	0	20	9	22	1.80686202505699	2.85233042565989	2.40872679464006
1	0	27	22	17	13.6659873678271	2.00864469308812	2.77604172254124
1	0	24	13	19	22.6901727219906	2.64930820579534	3.76584720315769
1	0	37	34	19	23.9542674925183	5.14652779673246	6.95852922263642
1	0	20	8	25	26.0045979901723	3.24576331233688	3.38127352365479
1	0	18	20	17	27.1383324892062	1.6530394996595	1.49589961385245
1	1	30	27	18	18.4999393354014	6.37739817264075	6.35679264093566
0	0	32	32	18	1.60291342705171	3.12442374876095	2.59057665489019
1	0	19	9	23	23.8204172911023	3.43390472936713	3.51851025955876
0	0	21	24	18	1.25227652474984	2.3316046550791	3.56034113103345
0	0	30	23	23	0.591309831410203	4.36730117200248	6.32704925355713
0	0	24	18	27	1.35077573720065	4.19749226674289	2.77011531914465
0	0	31	23	24	1.38120932128553	7.25801642180421	7.2823651077225
1	0	26	18	20	25.6216023929084	4.33707222646032	4.78962544875415
1	0	22	17	23	19.2354948017136	4.23779443093265	3.42220674117847
0	0	41	42	20	1.17668400569704	4.46370771819008	5.52245230126576
0	0	32	31	19	1.01671494995081	3.91311965850683	6.10231120461762
0	0	35	32	28	1.35826926972656	5.65216408776126	4.51554372786792
0	0	42	35	12	1.16632950494143	2.32223835546763	3.70092223410538
1	0	34	35	24	18.7653753599487	5.7888991991584	5.98346482431284
1	1	31	33	20	20.662000214219	2.88979566494149	4.72286383007197
0	0	20	10	13	1.04456512337432	1.897196134707	0.619990608862064
0	1	29	26	16	1.78144217259503	3.77176161639444	2.31375701755218
1	0	17	18	24	24.7292084387889	3.74999429369569	1.52556152136235
1	0	29	14	23	25.6872538092495	3.08583925523469	4.37420403745556
0	0	32	38	19	1.47349735415739	5.4205378391997	3.9677487332339
0	0	30	23	23	1.20505312821292	4.37368072425874	5.0561102866959
1	0	15	10	20	28.4385686160723	3.54968416200905	2.91346503699769
1	0	14	10	24	19.8440452492309	1.60748946069157	-0.4579024982079
0	0	30	21	20	0.88733435328947	3.11025904481024	3.11941898082492
1	0	25	24	14	25.4642867478101	1.49959491402145	1.8787588327421
1	0	30	25	23	26.5971034676026	4.15537581855674	3.81008084798572
1	1	28	18	28	29.4434508199518	5.98066116251505	5.7180115197042
1	0	36	30	21	15.4233143022586	6.88050234038683	4.69421568561846
1	0	36	30	15	17.4357421992711	3.20873087474163	4.41899980047946
1	1	21	17	13	20.0205358414838	1.5382406640823	1.64723783709998
1	0	38	27	20	21.0646388901001	4.29031123924985	4.20172033660973
1	0	15	5	21	17.0938637991502	3.69809770268666	2.20855889239562
1	0	22	23	26	23.2691905626369	4.80011095538516	4.85688298720828
0	0	33	29	15	1.42166467480144	3.08161417199556	4.05046153283768
0	1	12	3	24	1.50209754644387	3.29647783318146	1.12005369000024
0	0	37	32	19	1.13578751711319	6.0254601533664	4.78040994082276
1	0	39	32	18	22.3827709522017	4.1057082713696	6.60028092195151
1	0	18	14	21	25.8848263232467	0.53340653844729	1.71832636940331
1	0	20	19	21	16.273401228049	2.53622467694762	2.51178871704096
1	0	38	39	17	20.2753995022864	1.34913412422618	4.99354703302466
0	0	39	36	9	0.752441095957499	2.39318410341296	2.6701372620165
1	0	34	33	23	37.9395701316377	4.03778168031788	4.92876511023161
1	1	46	49	19	22.8117834933719	5.91478453354706	8.78089473026922
1	0	31	30	21	19.2275612823861	3.53800372341757	5.56942011172402
0	1	31	23	16	1.27731823787225	-0.600690779675933	-0.298543126913059
1	0	23	12	19	30.4240157271191	1.44556114463343	3.09760317458805
0	1	17	6	21	1.49949876165786	3.14002465868287	1.6100684615351
0	0	37	39	16	1.38792784481853	4.97960328246647	5.51423573249375
1	0	48	41	28	24.3629583085608	7.86649361244537	8.04931562500834
1	0	50	48	17	32.1708737873992	4.33137284582322	6.6460025046377
1	0	42	38	16	15.1052521709711	3.423189082824	4.03316038238592
0	0	26	31	16	1.39034784939549	3.2369647205753	2.57382177555247
0	0	37	33	21	1.16322520149569	4.70352254964278	4.32426267254543
1	0	35	27	22	29.5413346390378	5.6633452646233	5.49672014347223
0	0	40	32	21	0.729873920520019	8.23429960456503	7.72709585041185
0	0	50	50	23	0.993781825626875	6.93373043161445	6.08468263515952
1	0	30	30	24	27.9489929806988	4.07203349247417	3.00069445388314
0	0	23	19	26	1.4008287050034	4.52225250250784	2.54871979880311
1	1	35	20	21	26.213772304327	4.25864510744328	5.86681170674129
0	0	16	13	12	0.788612723961428	0.886264875648168	-0.849294054039394
1	0	43	37	17	27.8272479869736	4.25393418938908	5.91195391371051
0	1	26	22	21	1.1512828414411	3.95628612123742	4.72745647261873
0	1	27	27	21	1.74596454108074	4.68415642965358	4.62820322393423
1	0	33	28	24	20.5724302929532	6.11114348733704	6.14011530430373
0	0	30	32	10	1.34470626118699	0.936554881560891	2.98824310998963
0	0	20	20	14	1.11233046437593	0.949732197440229	0.994323622662121
1	1	31	32	18	17.5105324582602	2.66171444668141	3.84938900353085
0	0	24	29	13	1.03042756148819	3.50287595296783	3.21515487878984
1	0	34	25	21	24.3195245668143	4.72714529758476	4.96213475970614
1	0	50	40	15	34.8608283218555	4.11894144417708	6.94448775198862
0	0	42	41	17	1.83711915251565	4.85862528719879	3.85899829029665
0	0	27	14	20	1.15800978218645	3.86436391199479	3.85578835756435
0	0	26	21	19	1.43228167783987	4.1053767328651	3.75257768210817
0	0	39	28	15	1.5551017771666	4.86184053134199	4.69065430450283
0	0	26	20	28	0.637301619704228	5.84320549699506	5.71448064033131
1	1	18	10	22	20.1410519074162	2.01903155342478	2.51093269021669
0	0	29	31	9	1.06554213289082	0.281520526511073	2.2006248234602
1	1	25	9	25	22.3214036321535	3.73967135169724	2.4884323167669
